0.18864767272887406 0.07063278876216483 -0.01787837421286720 -0.07688581619622181 -0.10638953718789912 -0.10638953718789912 -0.07688581619622181 -0.01787837421286720 0.07063278876216494 0.18864767272887406 
0.04391321432047660 -0.01501173373404391 -0.01245581599150562 0.01150985716229559 0.03017121213682888 0.03017121213682880 0.01150985716229547 -0.01245581599150574 -0.01501173373404392 0.04391321432047637 
0.03371515405926512 -0.02566319303441953 -0.02403953571481256 -0.00140345279189915 0.01629546648734805 0.01629546648734797 -0.00140345279189925 -0.02403953571481264 -0.02566319303441950 0.03371515405926495 
0.03557829496953920 -0.01303640639094302 -0.00858428989717151 0.00944710853637842 0.02210738876279115 0.02210738876279113 0.00944710853637847 -0.00858428989717136 -0.01303640639094271 0.03557829496953935 
0.02759091251212363 -0.02134076778937759 -0.01762161061391426 -0.00059708871505093 0.01135776398458468 0.01135776398458465 -0.00059708871505090 -0.01762161061391415 -0.02134076778937734 0.02759091251212371 
0.02863205146888677 -0.01155927561005120 -0.00571375755267109 0.00797578481240493 0.01641060652054518 0.01641060652054509 0.00797578481240475 -0.00571375755267133 -0.01155927561005139 0.02863205146888639 
0.02235732187325947 -0.01806103702209989 -0.01281147967175286 0.00009974019250277 0.00801079665253138 0.00801079665253130 0.00009974019250263 -0.01281147967175302 -0.01806103702210000 0.02235732187325920 
0.02304863379093302 -0.01029949929769985 -0.00358975581634982 0.00680220485828222 0.01222498298745634 0.01222498298745638 0.00680220485828240 -0.00358975581634949 -0.01029949929769935 0.02304863379093345 
0.01809956746067862 -0.01541258941030919 -0.00919567176447278 0.00058886341803732 0.00562137019615620 0.00562137019615622 0.00058886341803743 -0.00919567176447256 -0.01541258941030883 0.01809956746067889 
0.01861075940560735 -0.00917203501495439 -0.00202541677051044 0.00582517852847880 0.00910712442632171 0.00910712442632157 0.00582517852847846 -0.00202541677051095 -0.00917203501495495 0.01861075940560663 
0.01468615436165469 -0.01321590542415162 -0.00648144403018090 0.00089231658782589 0.00388344379657327 0.00388344379657316 0.00089231658782565 -0.00648144403018124 -0.01321590542415198 0.01468615436165419 
0.01509058607809472 -0.00815103173505022 -0.00088383621888712 0.00499831690058119 0.00677653277775430 0.00677653277775444 0.00499831690058165 -0.00088383621888639 -0.00815103173504924 0.01509058607809572 
0.01195796512408464 -0.01137117678872122 -0.00445187634753061 0.00105414903810586 0.00261589999330007 0.00261589999330015 0.00105414903810616 -0.00445187634753012 -0.01137117678872055 0.01195796512408531 
0.01229411021675355 -0.00722677414569585 -0.00006248079953983 0.00429350038192637 0.00503553459757836 0.00503553459757809 0.00429350038192565 -0.00006248079954093 -0.00722677414569719 0.01229411021675200 
0.00977492756809888 -0.00981113707535409 -0.00294295242486035 0.00111492351425573 0.00169604941893332 0.00169604941893313 0.00111492351425524 -0.00294295242486109 -0.00981113707535497 0.00977492756809782 
0.01006583612542553 -0.00639329424733480 0.00051639561862723 0.00369027029520948 0.00373801866004883 0.00373801866004917 0.00369027029521051 0.00051639561862886 -0.00639329424733271 0.01006583612542779 
0.00802334206919266 -0.00848538088738328 -0.00182965511342002 0.00110676285332282 0.00103501968819071 0.00103501968819094 0.00110676285332352 -0.00182965511341892 -0.00848538088738185 0.00802334206919417 
0.00828361171994343 -0.00564510250676830 0.00091209561314274 0.00317242814070187 0.00277396565328012 0.00277396565327956 0.00317242814070029 0.00091209561314029 -0.00564510250677135 0.00828361171994000 
0.00661324471786446 -0.00735427222613695 -0.00101640070800618 0.00105377298627890 0.00056660226821435 0.00056660226821398 0.00105377298627784 -0.00101640070800783 -0.00735427222613899 0.00661324471786214 
0.00685209546468798 -0.00497648240715560 0.00117001017964952 0.00272674222915618 0.00206003457992756 0.00206003457992837 0.00272674222915854 0.00117001017965320 -0.00497648240715093 0.00685209546469311 
0.00547397905600987 -0.00638595977848780 -0.00043003099991260 0.00097356708331134 0.00024095678633321 0.00024095678633375 0.00097356708331293 -0.00043003099991013 -0.00638595977848465 0.00547397905601332 
0.00569698460409568 -0.00438145373848289 0.00132497353341354 0.00234230228639307 0.00153305766480199 0.00153305766480075 0.00234230228638948 0.00132497353340796 -0.00438145373848989 0.00569698460408788 
0.00455009636437666 -0.00555454832628024 -0.00001454567297719 0.00087876116800418 0.00002045458954053 0.00002045458953969 0.00087876116800176 -0.00001454567298095 -0.00555454832628495 0.00455009636437140 
